0
0
0
3.6588285
0
0
0
3.6171672
0
0
0
3.6202223
0
0
0
0
0
0
0
0
0
0
0
0
0
0
0
0
0
3.6100595
0
0
0
0
0
0
0
0
0
3.5972419
0
3.6982532
0
0
0
0
0
0
0
0
3.6443746
0
0
0
0
0
0
0
0
0
0
0
0
0
0
0
4.213369
0
0
0
0
0
0
3.5526214
0
3.611696
0
0
0
0
0
3.8432083
0
0
3.6000342
0
0
0
0
0
0
0
0
0
3.624558
0
0
0
0
0
3.775966
0
0
0
0
0
0
0
0
0
0
0
0
0
0
0
0
0
0
0
0
0
0
0
0
0
0
0
0
0
0
0
0
0
0
0
0
0
0
0
0
0
0
0
0
0
0
0
0
3.675006
0
0
0
0
0
0
0
0
3.601354
0
0
0
3.7166035
0
0
0
0
0
0
0
0
0
0
0
0
0
0
0
0
4.0834074
0
0
0
0
0
0
0
0
0
0
0
0
0
0
0
0
0
0
0
3.610453
0
0
0
0
3.6047623
0
0
0
0
0
0
0
3.6295183
